41061
5620
57571
52696
38862
8180
55283
10392
17447
34033
53507
54918
43897
58854
12107
12237
30428
50689
30776
25296
60802
30234
46265
50156
2155
60836
12888
63277
53612
15172
54374
50222
25131
1050
42867
43943
7104
53321
44469
1490
41742
18800
20660
26262
61900
48382
44793
49962
22012
5343
13057
49714
37495
31963
52796
17924
55379
18148
38629
36540
62375
35912
54629
55659
35800
459
11410
39222
39216
31044
4863
59601
23685
24732
23052
40186
64336
64641
50279
5391
63465
12442
26801
3245
48157
61510
47427
61909
20778
17865
59070
44357
48252
37542
866
4211
45515
57134
55446
54329
55932
57569
389
63254
42176
46009
17608
30729
50221
514
46754
42467
32382
44291
15665
10413
54095
42760
10907
21895
8721
2410
50869
29610
22387
65325
33937
11564
59485
39708
59489
11717
3430
24352
43579
51177
15386
7710
47616
39597
50178
578
29411
33812
37426
11127
33124
28925
22461
23864
59398
49432
58248
9198
52477
18304
16279
20835
41134
25268
45661
35086
374
3725
57136
12562
65530
10937
62152
40811
65396
55016
45881
60543
639
48314
58123
57677
23981
19848
13953
61416
20834
26949
64937
48443
13045
534
3913
13143
34144
12423
46217
22550
37629
50211
44467
48369
57135
50819
37271
36538
45014
8536
1381
24269
15823
50490
44703
16202
2426
21787
30139
51641
50898
41826
13153
63145
13297
51318
17698
9843
34731
30874
44555
31436
33739
38719
19837
18219
21119
4657
42914
20177
24590
28082
39066
11105
15384
24037
51977
14869
4046
30757
46379
110
27626
47684
21162
4024
39172
3174
32202
333
25170
20099
13808
28736
44402
11002
58601
39033
29815
9721
48400
850
45453
62541
6601
61159
120
28061
46821
45990
41162
46205
974
41850
51161
56352
35270
52155
61901
13930
41679
48764
61767
65432
48545
28143
42056
42264
23608
5360
28209
58822
27341
50928
20880
24731
40470
14293
58319
22132
11851
34233
28730
53793
35441
48024
49809
41324
57719
39057
64059
30918
36484
7270
59922
54288
22626
60083
19567
8002
58028
50194
4865
1172
55105
58017
25966
26803
61750
48822
15271
17233
50373
44355
41242
43259
35665
31574
32498
44227
23612
63057
44381
19330
42198
36373
4412
2346
51142
35507
48098
57680
2211
51680
39200
24789
6159
34251
58334
19916
6344
12167
48673
61071
1104
5853
15910
28572
14004
8364
37365
58309
14984
40961
34087
4455
57643
64776
27831
33864
19756
60507
59774
58499
61105
53485
61266
14801
63689
32638
23365
50631
36013
1023
8925
24996
37199
35901
48992
37641
54400
1933
5845
49405
58367
62788
26433
26121
55608
56325
62284
48920
49212
54855
43275
8142
2486
58735
12177
48649
42673
30880
42240
52647
42087
61159
32999
11708
54151
17062
7321
38769
49881
28024
8249
16061
62891
9488
48846
38082
13534
2796
14594
27824
27227
17978
29770
7442
64510
16724
44732
29340
49518
12065
1449
58653
47467
22632
59803
40289
42013
35414
60672
33274
51640
26122
1631
56068
62782
39259
17204
47285
6913
2950
39047
22452
10023
57614
33015
22374
855
35150
10555
62371
20677
12843
14951
13058
32387
27488
49301
24344
32907
7935
5031
19322
17285
32914
4675
13408
10563
9169
60396
1492
4965
1881
22943
63862
18933
17318
41949
57938
31788
64234
36011
36248
8025
40792
62262
4830
3107
13237
20633
10506
49819
39219
30991
56383
39605
40608
1487
49102
5728
27527
37190
47838
56710
9853
21640
18970
51269
46305
32984
55834
63902
2976
56968
12212
64094
24801
14893
35689
8645
19874
7547
54684
23907
32984
20915
4302
40031
31641
253
6047
8584
7078
47670
15458
48242
46952
37480
18868
10560
47242
34786
7414
29346
63720
49113
14166
22106
27858
18383
11788
7234
42510
29452
31004
40766
32924
29071
18343
8152
25929
17416
25429
55103
21286
5919
55491
47012
42948
27317
49776
47665
844
16158
52572
1045
51527
3543
37985
55511
34103
17489
57185
8495
52186
45315
61531
30918
14948
11439
63493
33614
42356
20114
22668
22473
54650
10648
46391
20703
52800
40352
50093
34815
20388
23008
7486
51164
15971
8087
50845
18214
63831
30177
2235
65328
21048
54246
26705
51403
15551
17588
53665
32096
7272
56273
21717
26731
31811
39228
25548
12036
34146
60286
22054
40358
37840
7354
57931
16631
14359
8375
13342
23056
59356
23544
45730
17244
50168
47860
24257
11604
39258
25440
58740
50107
35984
15283
4253
43430
27142
46451
41573
15855
5978
43317
59663
1970
6342
36481
29495
56483
2180
2309
22691
63127
33294
14237
2137
909
42971
43792
39898
55699
40046
41503
22392
1712
5895
35090
27403
29291
32214
42038
49859
50004
31441
53664
63544
7353
61986
63067
19956
2159
14626
45357
19958
19372
53244
32946
50269
56769
5609
36525
42199
61664
9526
40597
6509
49618
26919
15571
52968
53337
34830
48609
15233
59536
57535
5121
27441
35542
22296
9930
1790
23894
16592
33884
11602
21740
30136
51261
1513
44145
23997
29363
10147
59060
8031
39970
11926
24971
6940
40473
45176
11512
49152
38392
57883
14734
37689
24419
11625
43552
23658
5553
404
24539
43757
20209
51650
16983
63871
34740
3960
28652
15836
49260
57212
25509
40313
12912
63618
15804
49015
36712
42086
6127
64164
12532
19947
39064
42312
27401
32597
37925
36692
16739
28927
21794
12130
43555
17285
17675
2804
23875
28228
60592
11269
46191
29331
12122
5228
2300
3268
59732
9152
14549
36766
46658
8785
59145
58414
10038
62388
48088
32906
32873
61829
25257
8915
44298
15289
33965
62575
16639
19274
13594
2765
32452
11905
37512
51374
40845
14311
8096
5057
22248
16903
3883
28724
22154
28518
29684
3333
41990
63197
42687
29415
58840
54795
60369
37426
33094
27949
18550
13644
58300
5756
57269
41561
41492
50810
5795
23243
3071
63443
9245
12393
21073
25464
47129
16194
43567
57860
46019
4473
48536
58762
53279
14003
57669
8006
54449
50186
43386
31678
7487
31806
40984
52604
38183
10610
45001
27464
41652
64450
51058
7880
21668
28922
53059
62441
19290
27599
9123
31933
36000
8826
55875
43194
43068
32703
24802
24031
13241
27742
58451
5694
51270
21541
3823
8550
58724
38765
20644
5829
43430
39398
7591
4472
28515
51400
36073
34416
28893
28331
63897
49218
34202
2275
54536
8311
25761
17289
38078
20658
9206
56448
38302
12139
43256
44286
